1 13316865
9 1875
17 162
25 1875
33 1072604701
41 243
49 16
57 89696748
65 32
73 6963580
81 60000
89 1
97 32
105 345744
113 2917215
121 5184
129 162
137 111157575
145 1944810
153 5184
161 165888
169 3181
177 768
185 589824
193 72204
201 243
209 85494
217 11498080
225 1
233 34200646
241 16
249 1
257 5325
265 73205
273 16
281 16
289 1220000
297 124516149
305 115825159
313 13122
321 243
329 1024
337 162
345 52170
353 32
361 1
369 11596856
377 32
385 262144
393 243
401 2500
409 768
417 1
425 7776
433 165888
441 512
449 1
457 17476
465 16
473 1
481 1
489 10804674
497 3125
505 2848
513 93074524
521 1250
529 70597
537 16
545 3950280
553 1037527
561 1
569 10520
577 5008
585 1
593 3720087
601 32
609 1875
617 51875
625 32
633 304483
641 6035750
649 162
657 5731050
665 102099
673 162
681 162
689 5184
697 1
705 1
